"","pitcher","p_throws","totalStrPct","totalBallPct","totalBIPPct"
"1",453286,"R",0.506896551724138,0.351724137931034,0.141379310344828
"2",543037,"R",0.519519519519519,0.348348348348348,0.132132132132132
"3",669214,"L",0.7,0.1,0.2
"4",434378,"R",0.5,0.359375,0.140625
"5",455119,"R",0.6875,0.25,0.0625
"6",521230,"R",0.524590163934426,0.409836065573771,0.0655737704918032
"7",542881,"L",0.432291666666667,0.369791666666667,0.197916666666667
"8",543243,"R",0.511111111111111,0.377777777777778,0.111111111111111
"9",547943,"L",0.486486486486487,0.351351351351351,0.162162162162162
"10",548389,"R",0.4625,0.329166666666667,0.208333333333333
"11",571510,"L",0.484184914841849,0.372262773722628,0.143552311435523
"12",571760,"L",0.522796352583587,0.319148936170213,0.158054711246201
"13",592169,"R",0.482758620689655,0.448275862068966,0.0689655172413792
"14",592332,"R",0.494736842105263,0.4,0.105263157894737
"15",593144,"R",0.523809523809524,0.285714285714286,0.19047619047619
"16",605397,"R",0.548913043478261,0.347826086956522,0.103260869565217
"17",605400,"R",0.510948905109489,0.354014598540146,0.135036496350365
"18",605540,"R",0.5,0.339622641509434,0.160377358490566
"19",608337,"R",0.529780564263323,0.351097178683386,0.119122257053291
"20",621244,"R",0.479041916167665,0.37125748502994,0.149700598802395
"21",641941,"R",0.533333333333333,0.366666666666667,0.1
"22",645261,"R",0.464285714285714,0.345238095238095,0.19047619047619
"23",656420,"R",0.5,0.35,0.15
"24",665093,"R",0.408450704225352,0.47887323943662,0.112676056338028
"25",444468,"R",0.456140350877193,0.421052631578947,0.12280701754386
"26",467100,"R",0.359223300970874,0.427184466019417,0.213592233009709
"27",501593,"L",0.529411764705882,0.294117647058824,0.176470588235294
"28",518553,"R",0.59375,0.34375,0.0625
"29",547179,"R",0.571428571428571,0.285714285714286,0.142857142857143
"30",571927,"L",0.51981351981352,0.34032634032634,0.13986013986014
"31",592662,"L",0.44574780058651,0.425219941348974,0.129032258064516
"32",592761,"L",0.450704225352113,0.450704225352113,0.0985915492957746
"33",592773,"R",0.41025641025641,0.461538461538462,0.128205128205128
"34",592836,"R",0.416666666666667,0.406862745098039,0.176470588235294
"35",592866,"R",0.45067264573991,0.37219730941704,0.177130044843049
"36",596112,"R",0.60377358490566,0.30188679245283,0.0943396226415094
"37",605182,"R",0.464730290456432,0.365145228215768,0.170124481327801
"38",605501,"L",0.413793103448276,0.413793103448276,0.172413793103448
"39",607200,"R",0.391666666666667,0.416666666666667,0.191666666666667
"40",608718,"L",0.458333333333333,0.375,0.166666666666667
"41",621121,"R",0.508196721311475,0.348360655737705,0.14344262295082
"42",621242,"R",0.476190476190476,0.333333333333333,0.19047619047619
"43",621249,"R",0.489795918367347,0.408163265306122,0.102040816326531
"44",621294,"R",0.411764705882353,0.411764705882353,0.176470588235294
"45",622072,"L",0.483870967741935,0.387096774193548,0.129032258064516
"46",623364,"L",0.6,0.4,0
"47",628452,"R",0.655172413793103,0.275862068965517,0.0689655172413793
"48",640455,"L",0.452755905511811,0.354330708661417,0.192913385826772
"49",641482,"L",0.421875,0.421875,0.15625
"50",641627,"R",0.292682926829268,0.536585365853659,0.170731707317073
"51",641793,"R",0.454545454545455,0.363636363636364,0.181818181818182
"52",650633,"R",0.486486486486487,0.333333333333333,0.18018018018018
"53",656970,"L",0.461538461538462,0.41025641025641,0.128205128205128
"54",664126,"R",0.545454545454545,0.363636363636364,0.0909090909090909
"55",681911,"L",0.476190476190476,0.428571428571429,0.0952380952380953
"56",453281,"L",0.386206896551724,0.36551724137931,0.248275862068966
"57",461829,"L",0.424242424242424,0.393939393939394,0.181818181818182
"58",501789,"R",0.32,0.52,0.16
"59",516969,"R",0.476190476190476,0.380952380952381,0.142857142857143
"60",518748,"R",0.423728813559322,0.474576271186441,0.101694915254237
"61",543901,"R",0.371584699453552,0.398907103825137,0.229508196721312
"62",545333,"R",0.496031746031746,0.373015873015873,0.130952380952381
"63",571666,"R",0.405529953917051,0.3963133640553,0.19815668202765
"64",580792,"R",0.571428571428571,0.285714285714286,0.142857142857143
"65",592826,"R",0.476190476190476,0.388888888888889,0.134920634920635
"66",592833,"R",0.428571428571429,0.285714285714286,0.285714285714286
"67",596035,"R",0.333333333333333,0.333333333333333,0.333333333333333
"68",598287,"R",0.294117647058824,0.411764705882353,0.294117647058824
"69",601713,"R",0.46583850931677,0.372670807453416,0.161490683229814
"70",607536,"L",0.436031331592689,0.360313315926893,0.203655352480418
"71",621261,"R",0.485714285714286,0.314285714285714,0.2
"72",623149,"R",0.4,0.44,0.16
"73",625643,"R",0.466981132075472,0.382075471698113,0.150943396226415
"74",628317,"R",0.514056224899598,0.349397590361446,0.136546184738956
"75",641712,"R",0.4,0.4,0.2
"76",641743,"L",0.4,0.454545454545455,0.145454545454546
"77",641838,"R",0.5,0,0.5
"78",642528,"R",0.558823529411765,0.294117647058824,0.147058823529412
"79",643478,"L",0.3,0.4,0.3
"80",663992,"L",0,0,1
"81",667498,"R",0.393939393939394,0.393939393939394,0.212121212121212
"82",668678,"R",0.457875457875458,0.362637362637363,0.17948717948718
"83",434671,"R",0.442660550458716,0.385321100917431,0.172018348623853
"84",543557,"L",0.4,0.3,0.3
"85",592314,"R",0.466666666666667,0.5,0.0333333333333333
"86",592612,"L",0.450704225352113,0.436619718309859,0.112676056338028
"87",592741,"L",0.448275862068966,0.396551724137931,0.155172413793103
"88",594795,"L",0.479338842975207,0.363636363636364,0.15702479338843
"89",596133,"R",0.47196261682243,0.369158878504673,0.158878504672897
"90",605242,"R",0.339805825242718,0.466019417475728,0.194174757281553
"91",605288,"R",0.461318051575931,0.346704871060172,0.191977077363897
"92",605488,"L",0.538461538461538,0.353846153846154,0.107692307692308
"93",607192,"R",0.509433962264151,0.364296081277213,0.126269956458636
"94",608379,"R",0.467857142857143,0.339285714285714,0.192857142857143
"95",608665,"R",0.567567567567568,0.351351351351351,0.0810810810810811
"96",621593,"R",0.714285714285714,0.142857142857143,0.142857142857143
"97",622088,"R",0.41025641025641,0.461538461538462,0.128205128205128
"98",622251,"R",0.545454545454545,0.363636363636364,0.0909090909090909
"99",642207,"R",0.142857142857143,0.714285714285714,0.142857142857143
"100",656222,"L",0.638888888888889,0.25,0.111111111111111
"101",656288,"R",0.418367346938776,0.38265306122449,0.198979591836735
"102",657053,"R",0.473684210526316,0.407894736842105,0.118421052631579
"103",657624,"R",0.381818181818182,0.436363636363636,0.181818181818182
"104",663366,"R",0.39344262295082,0.39344262295082,0.213114754098361
"105",456701,"R",0.222222222222222,0.444444444444444,0.333333333333333
"106",502188,"R",0.422680412371134,0.412371134020619,0.164948453608248
"107",502706,"L",0.48,0.384,0.136
"108",518858,"R",0.518518518518518,0.296296296296296,0.185185185185185
"109",518876,"R",0.466367713004484,0.340807174887892,0.192825112107623
"110",543507,"R",0.6,0.366666666666667,0.0333333333333334
"111",572193,"R",0.5,0.388888888888889,0.111111111111111
"112",592644,"R",0.525773195876289,0.298969072164948,0.175257731958763
"113",593372,"R",0.490909090909091,0.339393939393939,0.16969696969697
"114",596043,"R",0.380952380952381,0.404761904761905,0.214285714285714
"115",607074,"L",0.456140350877193,0.43859649122807,0.105263157894737
"116",607237,"L",0.52,0.32,0.16
"117",608723,"R",0.449086161879896,0.370757180156658,0.180156657963446
"118",621111,"R",0.46643109540636,0.399293286219081,0.134275618374558
"119",621219,"R",0.44311377245509,0.368263473053892,0.188622754491018
"120",650644,"R",0.477707006369427,0.340764331210191,0.181528662420382
"121",656302,"R",0.40990099009901,0.417821782178218,0.172277227722772
"122",663776,"L",0.44392523364486,0.401869158878505,0.154205607476636
"123",665621,"R",0.5,0.402777777777778,0.0972222222222222
"124",676604,"R",0.457142857142857,0.457142857142857,0.0857142857142857
"125",450203,"R",0.514056224899598,0.309236947791165,0.176706827309237
"126",453178,"R",0.676470588235294,0.235294117647059,0.088235294117647
"127",456501,"R",0.473913043478261,0.391304347826087,0.134782608695652
"128",489334,"R",0.444444444444444,0.333333333333333,0.222222222222222
"129",518516,"L",0.4625,0.316666666666667,0.220833333333333
"130",518633,"L",0.429824561403509,0.407894736842105,0.162280701754386
"131",543135,"R",0.486772486772487,0.328042328042328,0.185185185185185
"132",543294,"R",0.477611940298507,0.319829424307036,0.202558635394456
"133",543766,"R",0.294117647058824,0.470588235294118,0.235294117647059
"134",571521,"L",0.464285714285714,0.5,0.0357142857142857
"135",592879,"R",0.453125,0.40625,0.140625
"136",594965,"R",0.438356164383562,0.447488584474886,0.114155251141553
"137",598264,"R",0.560975609756098,0.341463414634146,0.097560975609756
"138",605177,"L",0.5,0.25,0.25
"139",605482,"R",0.222222222222222,0.444444444444444,0.333333333333333
"140",607625,"R",0.487341772151899,0.379746835443038,0.132911392405063
"141",608566,"R",0.475352112676056,0.338028169014085,0.186619718309859
"142",641312,"R",0.642857142857143,0.0714285714285714,0.285714285714286
"143",642003,"L",0.346153846153846,0.538461538461538,0.115384615384615
"144",643290,"R",0.428571428571429,0.417989417989418,0.153439153439153
"145",663978,"R",0.463768115942029,0.352657004830918,0.183574879227053
"146",664299,"R",0.433447098976109,0.419795221843003,0.146757679180887
"147",670280,"R",0.454545454545455,0.0909090909090909,0.454545454545455
"148",676606,"L",0.391752577319588,0.417525773195876,0.190721649484536
"149",457915,"R",0.606060606060606,0.242424242424242,0.151515151515151
"150",457918,"L",0.437673130193906,0.376731301939058,0.185595567867036
"151",570663,"R",0.416666666666667,0.4375,0.145833333333333
"152",594835,"L",0.537037037037037,0.285185185185185,0.177777777777778
"153",605164,"R",0.484641638225256,0.341296928327645,0.174061433447099
"154",607644,"L",0.429184549356223,0.360515021459227,0.210300429184549
"155",622065,"L",0.454198473282443,0.370229007633588,0.175572519083969
"156",642121,"R",0.6,0,0.4
"157",656186,"R",0.611111111111111,0.222222222222222,0.166666666666667
"158",663432,"R",0.666666666666667,0.222222222222222,0.111111111111111
"159",663903,"R",0.48559670781893,0.353909465020576,0.160493827160494
"160",670056,"L",0.411764705882353,0.352941176470588,0.235294117647059
"161",451584,"R",0.454545454545455,0.454545454545455,0.0909090909090909
"162",468504,"R",0.333333333333333,0.333333333333333,0.333333333333333
"163",501985,"L",0.474747474747475,0.38047138047138,0.144781144781145
"164",518886,"R",0.25,0.375,0.375
"165",572070,"R",0.410958904109589,0.388127853881279,0.200913242009132
"166",572971,"L",0.528301886792453,0.339622641509434,0.132075471698113
"167",605155,"R",0.5,0.375,0.125
"168",605483,"L",0.458904109589041,0.400684931506849,0.14041095890411
"169",621381,"L",0.5,0.357142857142857,0.142857142857143
"170",643316,"L",0.538461538461538,0.384615384615385,0.0769230769230769
"171",656464,"R",0.416666666666667,0.375,0.208333333333333
"172",656756,"L",0.494071146245059,0.351778656126482,0.154150197628458
"173",656794,"L",0.326923076923077,0.461538461538462,0.211538461538461
"174",657044,"R",0.379310344827586,0.5,0.120689655172414
"175",657277,"R",0.439252336448598,0.401869158878505,0.158878504672897
"176",663460,"L",0.468208092485549,0.416184971098266,0.115606936416185
"177",471911,"R",0.436823104693141,0.407942238267148,0.155234657039711
"178",572125,"L",0.6875,0.3125,0
"179",593140,"R",0.4,0.4,0.2
"180",594986,"L",0.432432432432432,0.378378378378378,0.189189189189189
"181",615698,"R",0.465909090909091,0.397727272727273,0.136363636363636
"182",622075,"R",0.55,0.375,0.075
"183",642584,"R",0.505747126436782,0.35632183908046,0.137931034482759
"184",643327,"R",0.410714285714286,0.428571428571429,0.160714285714286
"185",656605,"R",0.458333333333333,0.458333333333333,0.0833333333333334
"186",661255,"R",0.333333333333333,0.466666666666667,0.2
"187",664199,"R",0.466666666666667,0.371929824561403,0.16140350877193
"188",671790,"R",0.368421052631579,0.421052631578947,0.210526315789474
"189",433589,"R",0.478260869565217,0.347826086956522,0.173913043478261
"190",445926,"R",0.432432432432432,0.405405405405405,0.162162162162162
"191",452657,"L",0.412955465587045,0.384615384615385,0.202429149797571
"192",572020,"L",0.513157894736842,0.276315789473684,0.210526315789474
"193",592390,"R",0.542857142857143,0.314285714285714,0.142857142857143
"194",605200,"R",0.4296875,0.385416666666667,0.184895833333333
"195",621237,"L",0.535714285714286,0.392857142857143,0.0714285714285714
"196",630023,"R",0.457831325301205,0.36144578313253,0.180722891566265
"197",641871,"R",0.666666666666667,0.166666666666667,0.166666666666667
"198",656849,"L",0.441666666666667,0.4,0.158333333333333
"199",664139,"R",0.529411764705882,0.352941176470588,0.117647058823529
"200",664180,"L",0.4,0.4,0.2
"201",664948,"L",0.478260869565217,0.478260869565217,0.0434782608695652
"202",453562,"R",0.417112299465241,0.342245989304813,0.240641711229947
"203",489446,"R",0.692307692307692,0.307692307692308,0
"204",500610,"R",0.444444444444444,0.333333333333333,0.222222222222222
"205",543734,"L",0.473684210526316,0.315789473684211,0.210526315789474
"206",592346,"R",0.395348837209302,0.395348837209302,0.209302325581395
"207",594798,"R",0.52972972972973,0.351351351351351,0.118918918918919
"208",608349,"R",0.348837209302326,0.534883720930233,0.116279069767442
"209",626929,"L",0.396946564885496,0.419847328244275,0.183206106870229
"210",668676,"R",0.467836257309941,0.327485380116959,0.204678362573099
"211",458681,"R",0.473568281938326,0.348017621145374,0.1784140969163
"212",533167,"R",0.480582524271845,0.349514563106796,0.169902912621359
"213",571578,"L",0.464285714285714,0.318681318681319,0.217032967032967
"214",572096,"R",0.4,0.45,0.15
"215",572955,"R",0.55,0.4,0.0499999999999999
"216",657024,"R",0.333333333333333,0.444444444444444,0.222222222222222
"217",664045,"R",0.401360544217687,0.36734693877551,0.231292517006803
"218",669160,"R",0.483766233766234,0.344155844155844,0.172077922077922
"219",669456,"R",0.480874316939891,0.385245901639344,0.133879781420765
"220",453265,"L",0.352941176470588,0.470588235294118,0.176470588235294
"221",488748,"L",0.517241379310345,0.413793103448276,0.0689655172413792
"222",502043,"R",0.474474474474474,0.39039039039039,0.135135135135135
"223",502171,"R",0.43010752688172,0.381720430107527,0.188172043010753
"224",554430,"R",0.445652173913043,0.33695652173913,0.217391304347826
"225",592351,"R",0.45021645021645,0.324675324675325,0.225108225108225
"226",592865,"R",0,0.5,0.5
"227",596720,"R",0.512820512820513,0.384615384615385,0.102564102564103
"228",608652,"R",0.615384615384615,0.346153846153846,0.0384615384615384
"229",642232,"L",0.422535211267606,0.383802816901408,0.193661971830986
"230",656004,"R",0.25,0.6875,0.0625
"231",656793,"R",0.396825396825397,0.317460317460317,0.285714285714286
"232",657571,"L",0.619047619047619,0.19047619047619,0.19047619047619
"233",660896,"R",0.48936170212766,0.361702127659574,0.148936170212766
"234",669064,"R",0.333333333333333,0.222222222222222,0.444444444444444
"235",670550,"R",0.418918918918919,0.445945945945946,0.135135135135135
"236",672715,"R",0.5,0.285714285714286,0.214285714285714
"237",458676,"R",0.490566037735849,0.377358490566038,0.132075471698113
"238",543022,"R",0.428571428571429,0.321428571428571,0.25
"239",593974,"L",0.378378378378378,0.459459459459459,0.162162162162162
"240",595465,"R",0.470588235294118,0.411764705882353,0.117647058823529
"241",622491,"R",0.567415730337079,0.348314606741573,0.0842696629213482
"242",657141,"R",0.428571428571429,0.392857142857143,0.178571428571429
"243",660422,"R",0.4,0.6,0
"244",663878,"R",0.445054945054945,0.406593406593407,0.148351648351648
"245",664074,"R",0.5,0.362745098039216,0.137254901960784
"246",664141,"R",0.432558139534884,0.390697674418605,0.176744186046512
"247",503569,"R",0.647058823529412,0.294117647058824,0.0588235294117647
"248",543475,"R",0.439635535307517,0.359908883826879,0.200455580865604
"249",543699,"R",0.430588235294118,0.416470588235294,0.152941176470588
"250",596001,"R",0.4125,0.3375,0.25
"251",605538,"R",0.5,0.25,0.25
"252",607560,"R",0.605263157894737,0.315789473684211,0.0789473684210527
"253",608371,"R",0.442622950819672,0.426229508196721,0.131147540983607
"254",621295,"R",0.619047619047619,0.333333333333333,0.0476190476190477
"255",622608,"R",0.38109756097561,0.405487804878049,0.213414634146341
"256",641729,"R",0.321428571428571,0.535714285714286,0.142857142857143
"257",641771,"R",0.40327868852459,0.445901639344262,0.150819672131148
"258",641778,"L",0.38,0.42,0.2
"259",642701,"R",0.575,0.3,0.125
"260",650668,"R",0.517857142857143,0.392857142857143,0.0892857142857142
"261",670990,"R",0.4375,0.5,0.0625
"262",448281,"L",0.428571428571429,0.357142857142857,0.214285714285714
"263",474463,"L",0.431818181818182,0.4,0.168181818181818
"264",477132,"L",0.531746031746032,0.321428571428571,0.146825396825397
"265",543219,"L",0.488888888888889,0.422222222222222,0.0888888888888889
"266",543339,"R",0.489795918367347,0.326530612244898,0.183673469387755
"267",543606,"R",0.470588235294118,0.352941176470588,0.176470588235294
"268",595001,"R",0.380952380952381,0.380952380952381,0.238095238095238
"269",623454,"R",0.333333333333333,0.5,0.166666666666667
"270",641447,"L",0.416666666666667,0.354166666666667,0.229166666666667
"271",657140,"R",0.396449704142012,0.390532544378698,0.21301775147929
"272",657611,"R",0.432835820895522,0.373134328358209,0.194029850746269
"273",664054,"R",0.352941176470588,0.411764705882353,0.235294117647059
"274",664285,"L",0.492711370262391,0.358600583090379,0.14868804664723
"275",642203,"R",0.49,0.44,0.0700000000000001
"276",657612,"L",0.727272727272727,0.272727272727273,0
"277",659275,"R",0.514285714285714,0.304761904761905,0.180952380952381
"278",665001,"R",0.285714285714286,0.428571428571429,0.285714285714286
"279",666200,"L",0.43298969072165,0.399484536082474,0.167525773195876
"280",669270,"R",0.25,0.625,0.125
"281",675921,"R",0.492537313432836,0.313432835820896,0.194029850746269
"282",489265,"R",0.4,0.4,0.2
"283",527054,"R",0.445161290322581,0.367741935483871,0.187096774193548
"284",572362,"L",0.474820143884892,0.359712230215827,0.165467625899281
"285",605525,"R",0.333333333333333,0.619047619047619,0.0476190476190477
"286",623474,"R",0.555555555555556,0.277777777777778,0.166666666666667
"287",642152,"R",0.536585365853659,0.292682926829268,0.170731707317073
"288",676051,"R",0.5,0.166666666666667,0.333333333333333
"289",461325,"R",0.44,0.44,0.12
"290",519144,"R",0.478260869565217,0.322981366459627,0.198757763975155
"291",527048,"L",0.497991967871486,0.34136546184739,0.160642570281124
"292",573124,"L",0.473684210526316,0.263157894736842,0.263157894736842
"293",612434,"R",0.611111111111111,0.277777777777778,0.111111111111111
"294",622694,"R",0.616071428571429,0.285714285714286,0.0982142857142857
"295",641302,"L",0.421383647798742,0.415094339622642,0.163522012578616
"296",642130,"L",0.444444444444444,0.333333333333333,0.222222222222222
"297",656232,"R",0.4140625,0.3984375,0.1875
"298",664208,"R",0.75,0.25,0
"299",669060,"R",0.5,0.392857142857143,0.107142857142857
"300",458677,"L",0.545454545454545,0.272727272727273,0.181818181818182
"301",502202,"R",0.434782608695652,0.478260869565217,0.0869565217391304
"302",542960,"R",0.409090909090909,0.409090909090909,0.181818181818182
"303",543883,"R",0.325581395348837,0.395348837209302,0.279069767441861
"304",547888,"R",0.446564885496183,0.354961832061069,0.198473282442748
"305",572383,"L",0.357142857142857,0.571428571428571,0.0714285714285714
"306",605130,"R",0.653846153846154,0.307692307692308,0.0384615384615384
"307",605135,"R",0.390374331550802,0.39572192513369,0.213903743315508
"308",605388,"L",0.6,0.2,0.2
"309",607229,"R",0.402597402597403,0.415584415584416,0.181818181818182
"310",621107,"R",0.491071428571429,0.258928571428571,0.25
"311",622098,"R",0.481481481481481,0.407407407407407,0.111111111111111
"312",624586,"R",0.142857142857143,0.428571428571429,0.428571428571429
"313",641816,"R",0.5,0.367424242424242,0.132575757575758
"314",642083,"R",0.666666666666667,0,0.333333333333333
"315",642233,"R",0.451612903225806,0.387096774193548,0.161290322580645
"316",643256,"R",0.4,0.4,0.2
"317",660623,"R",0.363636363636364,0.545454545454545,0.0909090909090909
"318",453172,"R",0.436363636363636,0.327272727272727,0.236363636363636
"319",506433,"R",0.578680203045685,0.279187817258883,0.142131979695431
"320",519393,"R",0.355555555555556,0.444444444444444,0.2
"321",543101,"R",0.310810810810811,0.486486486486487,0.202702702702703
"322",605276,"R",0.2,0,0.8
"323",605309,"R",0.565217391304348,0.304347826086957,0.130434782608696
"324",606131,"R",0.5,0.386363636363636,0.113636363636364
"325",606996,"L",0.404255319148936,0.340425531914894,0.25531914893617
"326",607572,"L",0.533333333333333,0.333333333333333,0.133333333333333
"327",628711,"L",0.48062015503876,0.325581395348837,0.193798449612403
"328",641401,"R",0.525,0.375,0.1
"329",656913,"L",0.434782608695652,0.521739130434783,0.0434782608695652
"330",518489,"R",0.470588235294118,0.470588235294118,0.0588235294117647
"331",519008,"L",0.384615384615385,0.403846153846154,0.211538461538461
"332",544931,"R",0.25,0.625,0.125
"333",571901,"L",0.4,0.36,0.24
"334",608678,"R",0.588235294117647,0.117647058823529,0.294117647058823
"335",608717,"R",0.617647058823529,0.294117647058824,0.088235294117647
"336",621141,"R",0.653846153846154,0.230769230769231,0.115384615384615
"337",624418,"R",0.386178861788618,0.41869918699187,0.195121951219512
"338",641154,"R",0.531914893617021,0.304964539007092,0.163120567375887
"339",669211,"L",0.451612903225806,0.354838709677419,0.193548387096774
"340",670950,"R",0.48,0.353333333333333,0.166666666666667
"341",445213,"R",0.478260869565217,0.391304347826087,0.130434782608696
"342",502624,"R",0.431034482758621,0.448275862068966,0.120689655172414
"343",519293,"L",0.453125,0.421875,0.125
"344",548384,"L",0.625,0.333333333333333,0.0416666666666667
"345",570240,"R",0.5,0.214285714285714,0.285714285714286
"346",570666,"R",0.52,0.24,0.24
"347",572143,"R",0,0.5,0.5
"348",605359,"R",0.538461538461538,0.307692307692308,0.153846153846154
"349",605447,"R",0.368421052631579,0.473684210526316,0.157894736842105
"350",608032,"R",0.454545454545455,0.393939393939394,0.151515151515152
"351",641420,"R",0.474576271186441,0.423728813559322,0.101694915254237
"352",650893,"L",0.35,0.55,0.1
"353",663765,"R",0.473684210526316,0.389473684210526,0.136842105263158
"354",665759,"R",0.714285714285714,0.142857142857143,0.142857142857143
"355",448855,"R",0.444444444444444,0.222222222222222,0.333333333333333
"356",518397,"L",0.333333333333333,0.428571428571429,0.238095238095238
"357",521655,"R",0,0.666666666666667,0.333333333333333
"358",542882,"R",0.539473684210526,0.342105263157895,0.118421052631579
"359",595928,"R",0.512605042016807,0.34453781512605,0.142857142857143
"360",605446,"R",0.351351351351351,0.432432432432432,0.216216216216216
"361",607391,"R",0.538461538461538,0.317307692307692,0.144230769230769
"362",608334,"R",0.4375,0.4375,0.125
"363",621076,"R",0.531914893617021,0.340425531914894,0.127659574468085
"364",641995,"R",0.333333333333333,0.666666666666667,0
"365",663465,"L",0.446808510638298,0.308510638297872,0.24468085106383
"366",670167,"R",0.277777777777778,0.444444444444444,0.277777777777778
"367",677976,"R",0.421686746987952,0.349397590361446,0.228915662650602
"368",520980,"R",0.46875,0.375,0.15625
"369",544727,"R",0.470588235294118,0.352941176470588,0.176470588235294
"370",547942,"L",0.454545454545455,0.363636363636364,0.181818181818182
"371",596101,"R",0.5,0.375,0.125
"372",605479,"L",0.5625,0.375,0.0625
"373",608335,"R",0.25,0.375,0.375
"374",622253,"R",0,0.5,0.5
"375",623470,"R",0.368421052631579,0.473684210526316,0.157894736842105
"376",643532,"R",0.260869565217391,0.521739130434783,0.217391304347826
"377",643778,"L",0.424242424242424,0.424242424242424,0.151515151515151
"378",668338,"R",0.411764705882353,0.411764705882353,0.176470588235294
"379",502239,"R",0.470588235294118,0.382352941176471,0.147058823529412
"380",570488,"R",0.4375,0.5,0.0625
"381",593423,"R",0.507109004739337,0.341232227488152,0.151658767772512
"382",642770,"R",0.333333333333333,0.666666666666667,0
"383",664042,"R",0.447368421052632,0.473684210526316,0.0789473684210527
"384",669373,"L",0.501416430594901,0.371104815864023,0.127478753541077
"385",448179,"L",0.464285714285714,0.392857142857143,0.142857142857143
"386",501303,"R",0.5,0.25,0.25
"387",518774,"R",0.354166666666667,0.479166666666667,0.166666666666667
"388",518813,"R",0.45,0.5,0.05
"389",543548,"L",0.451282051282051,0.364102564102564,0.184615384615385
"390",572021,"L",0.55,0.25,0.2
"391",623485,"R",0.3125,0.5,0.1875
"392",642100,"L",0.363636363636364,0.636363636363636,0
"393",642397,"L",0.5,0.333333333333333,0.166666666666667
"394",645307,"L",0.25,0.5,0.25
"395",656427,"R",0.492481203007519,0.387218045112782,0.120300751879699
"396",663554,"R",0.437158469945355,0.420765027322404,0.14207650273224
"397",425794,"R",0.484184914841849,0.318734793187348,0.197080291970803
"398",608648,"R",0.285714285714286,0.5,0.214285714285714
"399",642547,"R",0.545454545454545,0.333333333333333,0.121212121212121
"400",650895,"R",0.571428571428571,0,0.428571428571429
"401",660761,"L",0.421052631578947,0.421052631578947,0.157894736842105
"402",664714,"R",0.395833333333333,0.395833333333333,0.208333333333333
"403",592094,"R",0.7,0.3,0
"404",605138,"L",0.420454545454545,0.363636363636364,0.215909090909091
"405",605347,"R",0.383233532934132,0.383233532934132,0.233532934131736
"406",607067,"R",0.555555555555556,0.333333333333333,0.111111111111111
"407",608344,"L",0.555555555555556,0.296296296296296,0.148148148148148
"408",489119,"L",0.363636363636364,0.5,0.136363636363636
"409",528748,"R",0.447368421052632,0.315789473684211,0.236842105263158
"410",592858,"R",0.444444444444444,0.444444444444444,0.111111111111111
"411",607352,"R",0.5,0.333333333333333,0.166666666666667
"412",640444,"R",0.389380530973451,0.504424778761062,0.106194690265487
"413",663474,"R",0.529801324503311,0.370860927152318,0.0993377483443708
"414",664350,"R",0.444444444444444,0.333333333333333,0.222222222222222
"415",458708,"R",0.523076923076923,0.353846153846154,0.123076923076923
"416",475479,"R",0.533333333333333,0.333333333333333,0.133333333333333
"417",641755,"R",0.666666666666667,0,0.333333333333333
"418",656945,"L",0,0.5,0.5
"419",660600,"R",0.466666666666667,0.466666666666667,0.0666666666666667
"420",663531,"L",0.326086956521739,0.456521739130435,0.217391304347826
"421",664129,"R",0,0,1
"422",670970,"L",0.511363636363636,0.352272727272727,0.136363636363636
"423",676596,"L",0.339393939393939,0.412121212121212,0.248484848484849
"424",621290,"R",0.428571428571429,0.428571428571429,0.142857142857143
"425",664856,"R",0.461538461538462,0.307692307692308,0.230769230769231
"426",445276,"R",0.714285714285714,0.214285714285714,0.0714285714285714
"427",571656,"R",0.65,0.2,0.15
"428",594987,"R",0.441176470588235,0.382352941176471,0.176470588235294
"429",621142,"R",0.333333333333333,0.333333333333333,0.333333333333333
"430",571710,"R",0.457627118644068,0.423728813559322,0.11864406779661
"431",594840,"L",0,0,1
"432",641341,"R",0.333333333333333,0.333333333333333,0.333333333333333
"433",642092,"R",0.375,0.3125,0.3125
"434",643338,"R",0.648648648648649,0.27027027027027,0.081081081081081
"435",666120,"R",0.363636363636364,0.545454545454545,0.0909090909090909
"436",685493,"R",0.475409836065574,0.360655737704918,0.163934426229508
"437",543483,"R",0.5,0.333333333333333,0.166666666666667
"438",579328,"L",0.470588235294118,0.362745098039216,0.166666666666667
"439",592222,"L",0.59375,0.28125,0.125
"440",605498,"L",0.230769230769231,0.692307692307692,0.0769230769230769
"441",459429,"L",0.625,0.208333333333333,0.166666666666667
"442",621078,"R",0.6,0.257142857142857,0.142857142857143
"443",641582,"R",0.555555555555556,0.444444444444444,0
"444",658551,"R",0.4,0.457142857142857,0.142857142857143
"445",683232,"R",0.6,0.2,0.2
"446",425844,"R",0.467924528301887,0.358490566037736,0.173584905660377
"447",493603,"R",0.555555555555556,0.333333333333333,0.111111111111111
"448",572703,"R",0.5625,0.375,0.0625
"449",621368,"L",0.625,0.3125,0.0625
"450",622772,"R",0.625,0.291666666666667,0.0833333333333333
"451",656954,"L",0.46969696969697,0.409090909090909,0.121212121212121
"452",667465,"L",0.321428571428571,0.571428571428571,0.107142857142857
"453",500779,"L",0.434782608695652,0.521739130434783,0.0434782608695652
"454",545064,"R",0.615384615384615,0.230769230769231,0.153846153846154
"455",571735,"R",0.416666666666667,0.166666666666667,0.416666666666667
"456",592254,"R",0.333333333333333,0.666666666666667,0
"457",607455,"L",0.41304347826087,0.478260869565217,0.108695652173913
"458",621139,"R",0.44,0.56,0
"459",670426,"L",0.4,0.4,0.2
"460",519443,"R",0.458333333333333,0.333333333333333,0.208333333333333
"461",658305,"R",0.347826086956522,0.478260869565217,0.173913043478261
"462",519151,"R",0.764705882352941,0.117647058823529,0.117647058823529
"463",571602,"R",0.409090909090909,0.318181818181818,0.272727272727273
"464",596057,"L",0.547619047619048,0.357142857142857,0.0952380952380951
"465",600968,"L",0.333333333333333,0.5,0.166666666666667
"466",606115,"R",0.5,0,0.5
"467",623437,"R",0.533333333333333,0.266666666666667,0.2
"468",640448,"R",0.2,0.8,0
"469",642558,"R",0.422535211267606,0.366197183098592,0.211267605633803
"470",664854,"R",0.181818181818182,0.454545454545455,0.363636363636364
"471",446321,"L",0.444444444444444,0.388888888888889,0.166666666666667
"472",592464,"L",0.491525423728814,0.288135593220339,0.220338983050847
"473",592811,"R",0.36,0.48,0.16
"474",605513,"R",0.469879518072289,0.385542168674699,0.144578313253012
"475",607374,"R",0.444444444444444,0.444444444444444,0.111111111111111
"476",643511,"R",0.642857142857143,0.285714285714286,0.0714285714285714
"477",656547,"R",0.340909090909091,0.386363636363636,0.272727272727273
"478",670912,"R",0.472527472527473,0.351648351648352,0.175824175824176
"479",547973,"L",0.6875,0.1875,0.125
"480",622492,"R",0.571428571428571,0.285714285714286,0.142857142857143
"481",643230,"L",0.441176470588235,0.441176470588235,0.117647058823529
"482",656546,"R",0.517241379310345,0.310344827586207,0.172413793103448
"483",665620,"R",0.491103202846975,0.334519572953737,0.174377224199288
"484",675916,"R",0.333333333333333,0.666666666666667,0
"485",677651,"R",0.375,0.416666666666667,0.208333333333333
"486",640451,"R",0.45,0.4,0.15
"487",641513,"R",0.307692307692308,0.384615384615385,0.307692307692308
"488",656685,"L",0.413793103448276,0.413793103448276,0.172413793103448
"489",592767,"L",0.578947368421053,0.330827067669173,0.0902255639097744
"490",593833,"R",0,0.333333333333333,0.666666666666667
"491",598286,"L",0.447368421052632,0.342105263157895,0.210526315789474
"492",664062,"R",0.465968586387435,0.424083769633508,0.109947643979058
"493",664353,"R",0.552941176470588,0.252941176470588,0.194117647058824
"494",453268,"R",0.7,0.3,0
"495",542585,"R",0.357142857142857,0.428571428571429,0.214285714285714
"496",554431,"L",0.5,0.333333333333333,0.166666666666667
"497",571704,"R",0.565217391304348,0.304347826086957,0.130434782608696
"498",593619,"R",0.590909090909091,0.318181818181818,0.0909090909090908
"499",669432,"L",0.354838709677419,0.387096774193548,0.258064516129032
"500",570632,"R",0.406451612903226,0.393548387096774,0.2
"501",623352,"L",0.6,0.32,0.0800000000000001
"502",641726,"R",0.4375,0.34375,0.21875
"503",667463,"L",0.517241379310345,0.310344827586207,0.172413793103448
"504",672578,"R",0.415584415584416,0.467532467532468,0.116883116883117
"505",571670,"R",0.466666666666667,0.422222222222222,0.111111111111111
"506",622503,"R",0.552631578947368,0.315789473684211,0.131578947368421
"507",624133,"L",0.357142857142857,0.428571428571429,0.214285714285714
"508",642546,"R",0.4,0.44,0.16
"509",666129,"L",0.405172413793103,0.448275862068966,0.146551724137931
"510",543867,"L",0.5,0.25,0.25
"511",592426,"R",0.424242424242424,0.363636363636364,0.212121212121212
"512",622250,"R",0.6,0.1,0.3
"513",502026,"R",0.45,0.45,0.1
"514",571948,"L",0.513513513513513,0.324324324324324,0.162162162162162
"515",621129,"R",0.457142857142857,0.4,0.142857142857143
"516",621366,"L",0.5,0.3,0.2
"517",641540,"R",0.480263157894737,0.381578947368421,0.138157894736842
"518",669289,"R",0.25,0.5,0.25
"519",543118,"R",0.454545454545455,0.454545454545455,0.0909090909090909
"520",592165,"R",0.390243902439024,0.414634146341463,0.195121951219512
"521",621097,"R",0.384615384615385,0.5,0.115384615384615
"522",622490,"R",1,0,0
"523",623433,"R",0.583333333333333,0.291666666666667,0.125
"524",660431,"R",0.368421052631579,0.421052631578947,0.210526315789474
"525",592473,"L",0.5,0.272727272727273,0.227272727272727
"526",596295,"L",0.4,0.4,0.2
"527",629498,"R",0.333333333333333,0.333333333333333,0.333333333333333
"528",643615,"R",0.333333333333333,0.583333333333333,0.0833333333333333
"529",664076,"L",0.5,0.166666666666667,0.333333333333333
"530",669145,"L",0.5,0.333333333333333,0.166666666666667
"531",571788,"R",0.375,0.25,0.375
"532",595918,"R",0.75,0.25,0
"533",663770,"R",0.444444444444444,0.333333333333333,0.222222222222222
"534",680692,"R",0.392156862745098,0.450980392156863,0.156862745098039
"535",572888,"R",0.333333333333333,0.444444444444444,0.222222222222222
"536",592229,"R",0.44,0.4,0.16
"537",456124,"R",0.473684210526316,0.315789473684211,0.210526315789474
"538",605151,"R",0.375,0.375,0.25
"539",641745,"R",0.493670886075949,0.367088607594937,0.139240506329114
"540",663734,"R",0.372093023255814,0.348837209302326,0.279069767441861
"541",605240,"L",0.378378378378378,0.486486486486487,0.135135135135135
"542",656876,"R",0.529411764705882,0.411764705882353,0.0588235294117647
"543",502179,"R",1,0,0
"544",518649,"R",0.75,0.25,0
"545",623465,"R",0.4,0.6,0
"546",668941,"L",0.333333333333333,0.5,0.166666666666667
"547",518617,"L",0.538461538461538,0.384615384615385,0.0769230769230769
"548",595014,"R",0.4375,0.3125,0.25
"549",608331,"L",0.41025641025641,0.394871794871795,0.194871794871795
"550",641851,"R",0.407407407407407,0.37037037037037,0.222222222222222
"551",642545,"R",0.388888888888889,0.333333333333333,0.277777777777778
"552",676220,"R",0.444444444444444,0.407407407407407,0.148148148148148
"553",676831,"R",0.5,0.285714285714286,0.214285714285714
"554",606160,"R",0.5,0.5,0
"555",621345,"L",0.434782608695652,0.391304347826087,0.173913043478261
"556",624407,"R",0.380952380952381,0.333333333333333,0.285714285714286
"557",669203,"R",0,0.5,0.5
"558",488984,"R",0.625,0.25,0.125
"559",519141,"L",0.333333333333333,0.666666666666667,0
"560",570560,"R",0.416666666666667,0.333333333333333,0.25
"561",573109,"R",0.5,0.388888888888889,0.111111111111111
"562",594577,"R",0.714285714285714,0.142857142857143,0.142857142857143
"563",660813,"R",0.416666666666667,0.333333333333333,0.25
"564",664157,"L",0.558823529411765,0.294117647058824,0.147058823529412
"565",666674,"R",0.318181818181818,0.5,0.181818181818182
"566",607179,"R",0.230769230769231,0.615384615384615,0.153846153846154
"567",611093,"R",0.571428571428571,0.428571428571429,0
"568",656353,"L",0.375,0.458333333333333,0.166666666666667
"569",656557,"R",0.555555555555556,0.296296296296296,0.148148148148148
"570",668687,"R",0.422222222222222,0.444444444444444,0.133333333333333
"571",503285,"R",0.666666666666667,0.25,0.0833333333333334
"572",608328,"R",0.458333333333333,0.5,0.0416666666666667
"573",613534,"R",0.4,0.6,0
"574",640470,"R",0.5,0.25,0.25
"575",673633,"R",0.434782608695652,0.478260869565217,0.0869565217391304
"576",465657,"R",0.555555555555556,0.333333333333333,0.111111111111111
"577",606149,"R",0.5,0.357142857142857,0.142857142857143
"578",621052,"R",0.6,0.4,0
"579",554340,"R",0.333333333333333,0.5,0.166666666666667
"580",663556,"L",0.46551724137931,0.396551724137931,0.137931034482759
"581",657097,"R",0.666666666666667,0.333333333333333,0
